data
-0.09628053694390987
0.05016284750881281
-0.07580638482648475
-0.2084767382132959
-0.1580766534016421
-0.03226345439971346
-0.05062342924083074
-0.030032691766461134
-0.009539890654489507
0.0446659365351768
0.056932684691463134
0.10966914782654269
-0.03780542689281937
-0.1441900163376121
0.0596935028743798
0.14473324745897484
-0.018696024774406735
-0.007868838114582206
0.011842214722637742
0.03955129493040391
-0.10119615899527566
0.0560230392402354
-0.020701420924055285
0.010109689931285616
0.06964919819868422
-0.11707675425429923
0.007229095326750999
-0.06440216908477162
-0.16149550000673205
-0.133927255605707
-0.007294143423684407
-0.14797652980208925
0.0642753785732549
-0.0035696644954646773
-0.015159880375132773
0.015278939614369332
-0.14082526415031815
-0.1142931964240767
-0.02587571745908708
0.009792428253811587
0.03265497757588528
-0.00938255507458655
0.014509171573599159
-0.16714070484952537
-0.03752969074167492
0.031363861431078464
-0.036012254041204665
-0.00944729247169378
-0.035198337002208514
0.026090680024864
0.09247694985842733
-0.09565952891117506
-0.05152872139627684
-0.08570816535590997
0.039704469632622925
0.018303170217409254
-0.04092523494249065
0.05224499566669323
-0.009916792636634409
-0.1337840986631024
-0.019175829916415362
-0.06587159627067983
0.09124161217626028
-0.06289814122582134
0.10002686614342862
-0.1361374453019696
0.04141941663025098
-0.004750540411382578
0.3033689673938426
-0.039236646049439355
0.046027608684374444
0.028607293956936827
0.0974077719893022
-0.052858332232194195
-0.09727297929212377
-0.0382429087729064
0.02704841631913062
-0.03523480483256419
0.01810497221148557
0.14715792731524233
-0.10231460342679527
-0.0610674531647807
-0.09895513467711908
0.028158221661804286
-0.1456872202070881
0.028907345190725395
0.033093512210896174
-0.033573247488138655
-0.015562997898787158
0.08347209052675617
0.018930772549087576
0.15996117422317094
0.1814474317965521
-0.13744218031644304
0.03533665520861922
-0.11204653651272432
0.13049191199520097
0.08234874352265324
-0.026339699632847338
0.04613957778637464
0.13486825358152785
0.005524458001411322
0.010957035111600559
0.020242544527966342
0.1424611969155187
0.19960428222587004
-0.10407904764458738
0.008948393953985027
0.1439143446926289
-0.026089513248053267
0.0023984537678854376
-0.09348365048885865
-0.08293272265359172
-0.004901806411419351
-0.006215960348616915
0.1639360977620943
-0.04951077759279247
0.12447085213594243
-0.015667638161376698
-0.048768471142563066
0.005531076372361439
-0.1268555160223939
0.22444395475204512
0.09368142474246219
-0.0412624662153298
-0.08481476677941764
0.17092462962661317
0.0684216976675409
0.030278417018245296
-0.08761671476111413
0.10913489237531271
0.18068160709207368
-0.06274770225374206
0.033586991525832666
-0.04134824269631187
-0.0944544959940544
0.009800433321476648
-0.042068155369751975
0.07194055762541361
0.04742230177761516
-0.06763208790227294
-0.16406069049774608
0.19808846493317772
-0.012133522862160573
-0.01106623069104503
-0.04189720654808672
0.018669467946237125
-0.01056486560916574
-0.02833212504164674
-0.05375100431216337
0.1338205997118863
-0.07250753088451525
-0.0017295302016480576
0.011807499486594849
-0.09641454200950685
0.016464633734793257
-0.03169512670344933
-0.11174787818721173
-0.17735663594767317
-0.01958545745799427
0.024205566769613444
0.16652119935446252
-0.15965550247548813
-0.08366558008552616
-0.0645273790049145
0.013115225942281365
-0.07183132888173709
-0.004245594897582349
0.08428593190543567
0.00560908078945928
0.19350125632645288
0.058502754525395065
-0.03403405948546597
-0.009665505497037798
0.06563539808019533
-0.0016532027537983184
0.06473120399103936
0.1706323907865909
-0.2046721521382422
0.15471046398244404
-0.02873568217186795
-0.048268606610073546
0.08475976726372662
0.08837992691909666
-0.0027274506683394985
0.07964774450803232
0.1511722057147834
0.3334042885978161
0.077188091021889
-0.007702336859637191
0.10067454827588262
0.017756413130689788
-0.08846346695121385
0.0030155375749323244
-0.017028924917770204
0.03710980871524663
0.07102392299438903
-0.038043927887754486
-0.06520351699543615
0.038891342601704265
-0.12684298344839523
-0.10072311337746515
-0.04141471919228479
-0.04017523678706648
0.23483377250165638
-0.039153968643124634
0.10481233392749745
-0.1010573250923456
-0.001989271174744525
-0.07418032266262542
-0.03375906205489654
-0.019068677475059803
0.10407011925998222
0.03857770346206018
-0.05976323107952104
-0.08129154851778704
-0.15621412387444664
0.0019350266520250287
0.10138172486569552
-0.09130250784621359
-0.21888949499692725
-0.1235715713182801
0.030405494097373965
-0.14452352791580791
-0.018049131799394956
-0.07646501678169679
0.0838312342979361
0.029353699860252647
0.07178884483495866
-0.13817625382107077
0.14309854166763858
0.05926924047955685
0.09947376587826419
0.053605446478125963
-0.02653793554353125
-0.13033444557530996
0.2456676058631004
0.080282172546937
0.049931566326611686
0.1088809934689537
0.10928195738859343
-0.13592583203291556
-0.018995286165123415
0.08544156712617756
0.018532300654931055
0.05933910485421931
-0.11887709350610674
0.08939747348968108
-0.2708614312847306
0.058080123255195494
0.013629329678790922
0.057850092615196226
-0.04012129036741117
-0.01736097450487141
0.013721191361191754
-0.05478728541497002
-0.07466242462649127
0.0488061197704469
0.12258515815842502
0.08222948826483892
0.10047256687333082
-0.03578446351707241
0.18110193797640756
-0.038572055517549886
-0.08042862200028678
-0.005080508844315806
0.029838113284668913
0.03205813259673388
0.05633965867405882
-0.22423050377644765
0.04984738955410298
0.057335460276463614
-0.08715893502158611
-0.02704410613979189
0.07635165722642438
-0.04587865477093885
0.05317768534354076
0.11636707320584494
-0.031516894978250824
-0.1536400938254195
-0.07335000082825574
0.03157626839161136
0.003766316883725464
0.07040785655683117
-0.08443684897547155
-0.11911823271908147
0.1320801720148302
-0.1723601150085364
-0.04449143152761871
0.09450220994268416
-0.23609007095880413
-0.04367397014347101
0.10536306215611335
-0.040241646218288685
-0.07030864971131567
0.15583635043196292
0.04896129525373639
0.012181456221809286
0.018418409779078774
0.054254779889357486
-0.04060654547853318
0.07112417009896596
-0.1248217919741433
-0.08334597678647657
0.005872867740278346
0.08461640085203409
0.08510081515694572
0.0014766866451905733
0.12722670521431065
0.059570031657573456
-0.07215513108779635
0.08360815711259442
0.11502155687937772
-0.07004892467946182
0.04264188553914883
0.13566484456449915
0.10493158659566673
0.09851303021300557
-0.11531176360913897
0.07503536623914138
-0.021572778745094497
0.0928890850850626
0.05274181282661111
-0.028434333396948303
-0.02830880248075597
-0.031055029499016253
0.1339667721855002
-0.16167781201991796
0.166359280710413
-0.11298935830925892
-0.02874508401135243
0.09071867462510327
-0.0009957685853627767
0.06608928762962439
0.09144427418059704
-0.09669050978443733
-0.0003343226642573617
-0.08226363625983896
0.02289923784963213
-0.1899053983229669
0.04357145042551677
-0.11472656634349412
0.19121306725941134
-0.00010382405899001223
0.10427269878997299
0.10140014155119458
-0.0909351129489524
-0.1665340759566276
-0.12729258021867498
0.030606413443703698
-0.034138134882663256
0.12887545030218808
0.032061911558791144
-0.0012228016179047516
0.013061970768235199
0.018861165318511314
0.0399640846463664
-0.07182189790495537
-0.06084799083531964
-0.09903106814563746
0.22689919899885008
-0.07885306622708714
0.06490584953247623
-0.058334382867399406
0.005754087261477881
-0.048516017782331645
0.10102238077588435
0.0701963734622032
0.042058264902241654
0.02996998131633137
0.06663639756340316
-0.0018789992847391965
0.05677834295952153
0.0037924588937031005
0.04202171698575758
0.018979860953156902
0.026244572577867692
0.10248343934646408
0.010445824943263451
0.025341656907804985
0.16768021830378155
-0.13618750966183396
-0.03280706044214133
-0.021443908505248716
0.03416191506430474
0.0667548506532704
0.004822025240509376
0.06956178619415401
0.2032663254245909
0.10896389527362618
-0.02116024838195641
-0.07777207413673073
-0.085603282046882
0.05044729548234414
0.09044665336465567
-0.033230069793862935
0.2014626839065454
-0.005376520077392354
-0.1633194733819885
0.014035162633134209
-0.09334729467228664
-0.021759398243761982
0.22982889735519474
0.19168012326580836
-0.28105889227238107
0.018126171190457712
0.04164507424871484
0.11204809604848538
0.11991997877264604
-0.11669212918789468
-0.17710119233849994
0.18931694415277356
0.189146206139209
0.05676745377776265
0.01579637593964622
0.07146902740353889
0.046246181780207424
-0.06888566032542495
0.04100962771992958
0.05974826685664312
-0.055426204189328115
0.14159124177060053
0.22954016966867932
-0.03881180318972495
-0.09540078738145305
0.05168497594869113
-0.04841770204480564
0.034661724409660845
-0.06510399792337047
-0.045941910819885606
-0.14715878609137015
-0.05417885370398963
-0.09566392078513766
-0.11989290432621023
-0.00300693167454267
0.00642975254515767
-0.11922043118733812
-0.07983439376384656
-0.21149876915760296
-0.009853843997416553
-0.07477176063471443
-0.022543401170364664
0.03573100759363714
-0.09436750031482236
-0.011491758883170116
0.15851953660312493
-0.21927812109786005
0.08765915965382881
-0.1012318452538264
-0.002979340057697621
0.006623952551515011
-0.10103892283118349
0.13879734585278014
-0.13175394527859588
0.14547159524641098
-0.008532038860777694
-0.12807796007734432
-0.010236912361164217
-0.06666476379683182
0.07547443215482603
-0.04725366178325824
0.07686031942546206
0.012608787733312726
0.06960593457953651
0.03309374893316052
0.2109192719157961
0.04539221447197833
-0.15682051342761513
0.15739580866976016
0.0627867168795528
-0.1404195378489636
0.12051200289785247
-0.10755334453958343
-0.0038544343350155824
0.2166532804416076
0.1212716806254278
-0.09737967799607665
-0.04961986818490299
-0.003182945294165342
-0.05436154753198419
0.006380300112513293
0.12406389769736484
0.07061375002183261
-0.00465710155919807
0.01984623615590181
0.007701927184071954
0.1761320800463595
0.021534708372026277
0.06558952409612104
0.03470293480186644
0.040543042707349417
0.03886110473874101
0.03224031558651206
0.08196876036388849
-0.0658508987921078
-0.05850303659171661
0.04411444394272669
-0.10663807902297673
-0.1418297996864309
-0.049803845062378005
0.07559881057601256
-0.06432361681224838
-0.15000003331937123
-0.09574128200942336
0.05091497730600523
-0.03192758470357448
0.03551470148007616
0.11622478934278531
-0.07981546242450271
-0.18564370694289514
-0.025952683774211324
-0.018492618514608213
0.004268627637345977
0.03309764559769525
-0.02289861250379184
0.07828082605951528
0.07871905667655066
-0.04055970750293124
0.07465305463829093
0.09397814745883581
0.053444592767142265
0.0274743706068135
0.09930629757569868
-0.019210045534325298
0.00860658007634593
-0.0018101892646656733
0.24583491863298934
-0.1522084300794607
-0.03500264463274169
-0.08178332814080298
0.16935322655765428
-0.0033956437935468648
0.09939835082174331
0.046549326380174214
-0.018882258330189836
0.07326649340528965
0.06083409684864201
-0.09763842456949312
0.029894360091653662
0.17222168714231156
0.09674235314575111
0.10870611013154374
0.004345022855663348
0.05028953705654091
-0.05141596458376896
0.06487312712426091
-0.024336751501375
-0.10390168136854397
-0.1442946891473544
0.14895406554774138
0.06765501991343903
0.022177565034237005
0.032053543530229454
0.16725058071399854
0.20718801799864917
-0.07618669389765297
-0.09894342623965063
-0.002234816519451141
-0.17755630780748866
-0.09551885167766078
-0.1256159263010964
-0.08055457022960588
0.0624663621917265
0.044911082342453085
0.0786119092187682
0.0994102085336859
-0.06560335285815996
0.04391331900176686
-0.03830783292694394
-0.04579545878781423
0.15616225021302424
0.22220703215519008
-0.19594322193344
-0.03972246898055842
0.10837154989134597
0.18311428266802346
-0.0018462881591843972
-0.05030764794358916
0.054793073674367344
0.015865098418528425
0.005623361064480544
-0.08533926007275489
0.04707030674090094
-0.193446545935119
-0.17415948480212246
-0.0033020986544716087
-0.07454644183527924
0.07540837956623758
0.01193582509259742
0.014483240139119705
-0.1965258465941206
-0.01672142791880572
0.08229482146469431
-0.14353393155036184
0.04103545777253056
-0.0051545395189588755
-0.18566411991009704
0.013074558394140868
0.014161982632399282
-0.04505066758041314
0.04666743650589125
-0.019950606171893478
-0.11133248091688717
0.005896925010704824
0.1345361287658002
0.09053277330482425
0.07282633061793409
-0.10345152483300386
-0.04593819800356788
0.1824363629965513
-0.06947877758969087
-0.13449315489339617
0.13959786490791498
-0.0008596718041375374
-0.13341315438980053
0.007874958501821953
-0.001224021232522364
0.14146564840456588
0.017882522355261825
0.05424336285620423
0.05301828310111181
-0.06803614141447735
0.1413194880537722
-0.07697540187329542
-0.02601195684533368
0.05766168569369521
0.009856796587837321
-0.03709702153996044
-0.05245012185595256
-0.059213632362547376
-0.2775478293910301
-0.049676867813109406
0.11976282417258266
-0.08702490459700722
0.11153224514625143
-0.14438517084218314
-0.1280737711971523
0.11935237401953763
0.16732972531852924
-0.08267142076486252
-0.10625277009710075
-0.0424269442551419
-0.024200162697931495
-0.2097038415087884
0.013233608502486938
0.15935830870750003
-0.015504931490416308
-0.18809686922363666
-0.006180344912862676
0.0645256101241292
-0.07670149515258401
0.16452571288219478
-0.08913549909183341
-0.09411665074243965
-0.05108899287478892
0.02451951585042167
-0.13558598058138432
-0.1774504454253077
-0.181712960921663
-0.18183871882642974
-0.195870808331588
0.08678034852384868
0.04635377722656095
0.12811894785612973
0.04438751369494916
0.10802587137552339
-0.04148817303188676
0.0659175626771673
-0.003936671920037406
-0.024655402567360457
-0.015220115565455493
-0.10736957565414296
0.06180215305848983
0.006681644325184777
0.2088404730433914
-0.12481137565626339
0.01844000917607867
0.023700991982697886
0.018148270959390308
0.06577454519584293
-0.07321993591022831
-0.020508573503340847
0.1850802512565156
0.001916397898309883
-0.11043049500826191
0.16586980665072937
-0.09336462737359821
-0.19243158087687845
-0.06846642844865683
-0.06027673415342838
-0.022176476824896867
-0.0332630896861656
0.14879101516157728
-0.02214929715705776
0.04857976115070222
0.1169988667825762
0.1921655329380011
0.028732339862695012
-0.11471630218551165
0.06946309405614338
0.24851025358732579
-0.07956782832466688
-0.0931155985581335
-0.053197768006829474
0.058390623825706624
-0.057414087489958826
-0.03320078598232349
0.2203755010200209
0.06628854921755524
-0.07190781437467274
0.005702018026406472
0.17975269028028718
0.03844288683899402
0.02990449888400308
0.018364165317898203
-0.029651022997093997
0.07404044133122022
-0.12363780028941729
-0.059038668567639244
-0.044811975892984274
-0.027138303598040932
0.027977668640983874
0.06477537419172519
-0.031707044995146455
-0.04360666743426257
-0.038215889501855754
0.029946143583248975
0.21244367621492088
-0.0476193579700689
-0.19617357641293728
-0.09080222013945256
-0.22542971691189742
0.024910508800331188
0.13234850405054618
-0.0250865930596894
0.12390319869707184
0.07986368208085586
-0.08365247287181898
0.07018651602750593
-0.04837769855725463
-0.11633215084191212
-0.10224869443908564
-0.05241477156834187
-0.012790395773150973
0.13075319571425373
-0.0025358155819736315
0.16709515393921795
-0.009269420326927283
-0.09352441612671866
-0.02825081220092575
0.03310664139107869
0.024120466252658415
0.013095749376299934
-0.1188794334825255
0.14154627189044008
-0.03333258986435056
0.011424615402112434
-0.1124917124500644
-0.06161720349329461
0.004225597539889144
-0.19691457262972117
0.09234433902368008
-0.09116081588079017
0.028133915378157123
0.12053064551368867
-0.16024414583890778
-0.03271757482182978
0.054966389219549563
0.04809769866385142
-0.11411210234461684
-0.014167816423920891
0.010897636365796309
0.07179417534925779
0.030538762738022737
-0.034808532710178315
-0.14762417722262713
-0.11276488734448874
0.06086272237495325
-0.18864965984786658
-0.026312132235565056
-0.061328293552938964
0.14561152829995055
-0.05411697248438263
0.1253609211740859
0.06911458786087628
-0.12229273685914517
0.11300964124374471
0.02887009598102175
0.18986551985690647
-0.0953263211927478
-0.08480709185929508
-0.08968654833311873
0.053763276908369434
-0.21674705640819625
-0.04582311921369603
0.05172587173968686
-0.08865620886734357
0.03837131417763364
-0.16157825964696917
0.0021735093711725655
-0.0008039263899252314
0.09335669230244165
-0.018485684573894334
-0.041033794888075355
0.048553279833373854
-0.044151822086988146
-0.005693315693038171
0.02887678984617219
0.05458422656140177
-0.0035492825370935857
0.026719827643564054
0.07889901201178914
-0.03940652813707009
0.10566362603924272
0.018276795702465144
-0.0038471865647758856
0.1676240363218761
-0.13595298891724594
-0.0010252300907012718
-0.04175734232686462
0.32633707065558504
0.14675994133904555
0.07451395805590527
-0.030191396183371123
-0.029327857267228054
0.07104186153327562
0.08198165190334482
0.10684998780460678
-0.1981994867540318
-0.07995168235982486
-0.17386085837048704
-0.1205365403627114
0.16733974309528238
-0.012973620241667963
0.11849985592031587
-0.14189810342601594
0.05263878461388342
-0.041317182514384515
0.03741475835566015
-0.06874296567154328
0.07276505178296808
0.05837870395624376
0.03969758769490535
-0.04281606130693946
0.17029399578088808
0.05519217491764015
-0.12241472782606383
-0.05896909971934298
0.05804350954013472
-0.031721043002484094
0.13553119835672986
0.09258125385276589
0.05740743588205915
-0.1431480483628681
-0.08048229335021424
-0.1049393017168308
-0.21006540413585603
-0.0834357226784539
-0.03320359769894405
0.0533944775014594
0.007611620258606573
-0.0393767534299743
-0.11159129329857392
-0.18359868177133082
-0.05437547294961256
0.07451420009729204
0.03779297452019923
0.05588529421793292
0.09728679367277225
0.1756022896748571
-0.05462129882631526
-0.04635748268271924
-0.09066214771883986
0.04855921350754302
0.021515947396872778
0.06220247247114588
-0.17166571145821213
0.2178475593304682
-0.1745206006678525
0.044249396703853125
-0.0038819494922638226
0.03367272377153751
-0.09393097031402797
-0.19766273127925438
-0.0920977969808196
0.007565656579838354
0.1722629160643981
-0.09216853493242799
0.0929095874371345
0.15786580647824122
-0.035782140099426284
-0.1429858111952452
-0.06911425542176435
0.0031660412739760386
0.09625724887711838
-0.03892922560771855
0.14106205303677935
0.1956870820302049
0.018387014682209542
-0.05812396041395721
-0.007121079722861208
0.0571521338233581
0.06121583466014868
0.0828143275028882
0.11707102846319917
0.026101388389757264
0.09492538187870436
0.07756399169062383
0.015972876308725233
0.18484449930588423
-0.07574321313135231
0.06891500229614304
-0.001382249795174577
0.016422241435099384
0.0583691730390628
0.03161747342873661
0.035630414291636665
-0.12164902202814315
-0.16251331503713645
0.004055007178801205
-0.12754793145162446
0.03808826755581213
0.08097552445440141
-0.0430983444759767
0.16830021360825415
-0.09795803099679785
-0.03921671372246525
-0.05281469121523513
0.06696879815076175
-0.0013607345827268058
-0.000479063264141768
-0.035027484056421705
-0.06602057635201528
0.06266966778879395
-0.09865881463131156
0.08977390034998911
0.1596201057865626
0.03908783242982928
-0.08499478711609103
-0.11026525625325244
-0.08236574923200057
0.18623468853764003
0.03316855160721063
0.19308923019754892
0.19406513039368736
0.05304262028238434
0.04158609591452394
-0.06276506428339067
0.15977450586228464
0.055275653906507675
-0.06310470799998033
0.07197126787558861
0.16635487758204087
-0.15222774687828086
-0.01992678221406996
-0.04993544967434641
-0.18668235367387093
0.11822222049538411
0.33228874263326164
0.046510220722191443
-0.12942537097175133
-0.045726144102549215
-0.01541610579935868
-0.19768078335288986
0.11737648160433037
0.04035827229430836
-0.055664636010424845
-0.00018735306875547884
0.11485677740550196
-0.03757272069309962
0.02114274711769951
0.08295275218377449
-0.07476176339105672
0.010078268397258408
0.11205261649856404
0.049532330299813104
-0.024363573436074804
0.029381709593303496
0.1679881581220585
-0.0562133711106149
0.08639628385065734
-0.07879893738056182
-0.009615052182799518
0.025983213500064373
0.13366777262883428
-0.1175685524907798
-0.017644063561284465
0.020475281421206727
0.03296864689870697
0.1190908013230758
0.021407918109103682
0.019604231088219973
0.06956791057383498
0.02966756229133904
-0.03212444933813285
-0.0052976019276497555
0.023806095163550395
-0.030236004757992985
-0.07434241096490235
0.09344640626624413
