----------------- Modelo -----------------

Super particle = array([-2.24423448, -5.34243494, -0.6835405 , -1.01362988, -3.1531759 ,
        2.03613198,  2.0737477 , -1.45710732, -1.09414136, -0.55921999,
        1.24648461,  0.61459207,  0.51342452,  1.25226815,  0.00816777,
       -1.05772561, -2.7889782 ,  0.84971718, -0.70513962,  0.20807908,
        1.9823251 ,  1.6761178 , -0.11391155, -0.653257  , -3.46827949,
        0.38635501,  1.31830145, -0.36184104, -0.85618268, -0.64055565,
       -3.1649872 ,  1.36467157, -1.28579586,  0.21445717, -0.87912074,
       -1.45191537,  0.24832731,  2.46772764, -0.88109769, -0.43819193,
        0.74888759,  3.81505996,  1.12803988,  0.96632145, -0.08724254])----------------- Modelo -----------------

Super particle = array([ 1.10606603,  0.80735849,  1.81701476,  0.48770134, -0.07463056,
       -0.25753315,  0.64238199,  0.21364773,  0.60092254,  0.94128672,
        0.50454594, -0.02607246,  0.01989937,  0.0390474 , -0.36040486,
        2.09618491,  0.121518  ,  0.98099936,  1.13477588,  1.50195614,
        0.33809854,  0.74621632,  0.63303112, -1.1705483 ,  0.54595238,
        2.17330091,  1.37959242,  1.36422742,  1.43047361,  1.44097025,
       -0.23864822, -0.50567242,  1.27352715,  0.60564637,  0.7475589 ,
        0.19492354, -0.15401114,  0.12810674,  0.30526601,  0.19186851,
        1.06834535,  0.67749855,  0.04832621, -0.48733053,  0.19943488])----------------- Modelo -----------------

Super particle = array([ 1.51302216,  0.44681956, -0.23217555, -0.27557869,  0.8991783 ,
        0.8612297 ,  2.09728738,  0.6239666 ,  0.54098976,  0.79711687,
        0.48927726,  0.81674215,  0.29674619,  1.29668062,  0.30055201,
        1.23051524, -0.11926689,  0.20846377,  0.53406187, -0.06102191,
        0.21294389,  1.35119428,  0.30990201,  0.60234803, -0.72740007,
        0.88411457, -0.75710494, -0.08310126,  0.42577941, -0.43747519,
       -0.506988  ,  0.41103198,  0.34658018,  0.68837497,  0.34804168,
       -0.3832746 , -0.84207694,  1.06920526, -0.08116891,  0.17169988,
        0.14702694,  0.75779843,  0.57207166,  0.36539018, -0.55278225])----------------- Modelo -----------------

Super particle = array([ 0.65833488,  0.89126024,  0.93292505,  2.26594792,  0.8466673 ,
        1.36845253,  1.98838096,  2.26523513,  0.62077302,  0.89399409,
        2.20349897,  0.25252506,  1.66708213,  0.26114551, -0.15632876,
        1.30478321,  1.69786865, -0.29085693, -1.20685099,  1.40426309,
        0.8792503 ,  1.21876943,  0.14709271,  0.55065666,  0.30100133,
        0.70557249,  0.55271383,  0.65878942,  0.52902387,  2.90372609,
       -0.85978934, -0.40183688,  1.81485765, -0.5595753 , -0.25584275,
        0.95570791,  1.70771952,  0.14588743, -0.28899695,  1.29600205,
        1.38858874,  1.08112377,  0.97437683, -0.97407017, -0.78229819])