284.4
226.9
308.4
262.0
227.9
236.1
320.4
271.9 
  232.8
237.0
313.4
261.4
226.8
249.9
314.3
286.1 
  226.5
260.4
311.4
294.7
232.6
257.2
339.2
279.1 
  249.8
269.8
345.7
293.8
254.7
277.5
363.4
313.4 
  272.8
300.1
369.5
330.8
287.8
305.9
386.1
335.2 
  288.0
308.3
402.3
352.8
316.1
324.9
404.8
393.0 
  318.9
327.0
442.3
383.1
331.6
361.4
445.9
386.6 
  357.2
373.6
466.2
409.6
369.8
378.6
487.0
419.2 
  376.7
392.8
506.1
458.4
387.4
426.9
565.0
464.8 
  444.5
449.5
556.1
499.6
451.9
434.9
553.8
510.0 
  432.9
453.2
547.6
485.8
452.6
456.6
565.7
514.8 
  464.3
430.9
588.3
503.1
442.6
448.0
554.5
504.5 
  427.3
473.1
526.2
547.5
440.2
468.7
574.5
492.6 
  432.6
479.8
575.7
474.6
405.3
434.6
535.1
452.6 
  429.5
417.2
551.8
464.0
416.6
422.9
553.6
458.6 
  427.6
429.2
534.2
481.7
416.0
440.2
538.7
473.8 
  439.9
446.8
597.5
467.2
439.4
447.4
568.5
485.9 
  442.1
430.5
600.0
464.5
423.6
437.0
574.0
443.0 
  410.0
420.0
532.0
432.0
420.0
411.0
512.0
449.0 
  382.0
